--- Original Data ---
Label: [3]
Features:
[[-0.29890576 -0.23967041 -0.26789615 -0.34087363 -0.3554357  -0.37352473
   0.12153238  0.2692012  -0.23783207  0.2722683  -0.6785264  -0.5795649
  -0.17908928 -0.16415764 -0.17770906 -0.05715758 -0.04288859 -0.18747354
  -0.08663817]]

--- Reconstructed Data ---
Predicted Label: 3
Features:
[[-0.08040643 -0.23930919  0.2545547  -0.18374597  0.19498123 -0.10390271
   0.14916654  0.019046   -0.16558559 -0.07590504 -0.39724228 -0.0625352
   0.1280233   0.08574209 -0.14096911  0.10429858  0.13276927 -0.27505997
  -0.41967204]]