--- Original Data ---
Label: [0]
Features:
[[ 0.02898065 -0.07911193 -0.28213924 -0.3496457  -0.3628598  -0.37982136
   0.00991956  0.27131945 -0.24889578  0.6018934   0.09982874 -0.9331911
  -0.17817931 -0.16415764 -0.17939433 -0.6386413  -0.39554104 -0.2353954
  -0.15121923]]

--- Reconstructed Data ---
Predicted Label: 3
Features:
[[-1.7192382  -0.580245    0.8517795   0.23636505  0.4396148  -0.24455154
  -0.07624335 -0.10006133 -0.44736338  0.21203439  0.1632397   0.48509455
  -0.6187686  -0.01854298 -0.46100187  0.87754387  2.4339607  -0.20917168
   0.33545718]]