--- Original Data ---
Label: [3]
Features:
[[ 0.02898065 -0.07911193 -0.43169165 -0.4332545  -0.4303516  -0.4341458
   0.03521847  0.27185303 -0.251712    0.44457236  0.09982874 -1.0229172
  -0.17908928 -0.16415764 -0.17770906 -0.7955727  -0.3899243  -0.2042462
  -0.12236387]]

--- Reconstructed Data ---
Predicted Label: 2
Features:
[[-0.316798    0.05455772 -1.2123979   0.353117   -0.00581211 -0.90552616
   0.87437063  0.4847968   0.10159183  0.6557679   1.5781275  -0.8006889
  -1.4566318  -0.2953549  -0.00761967  0.14188005  0.175596    0.91029114
   1.5791166 ]]