--- Original Data ---
Label: [0]
Features:
[[ 0.02898065 -0.15939116 -0.41317564 -0.43352863 -0.435076   -0.44202298
  -0.02579654  0.26597285 -0.22093475  0.6917912  -0.6119687  -0.4089095
  -0.17908928 -0.16210698 -0.17770906  0.16859064  0.53844637 -0.58296996
  -0.32022926]]

--- Reconstructed Data ---
Predicted Label: 0
Features:
[[ 0.175824    0.07104821  0.32225206  0.0649448  -0.05582964 -0.03934943
  -0.06661275 -0.07086463 -0.05832909 -0.09318412  0.30533248  0.10924516
  -0.11640499 -0.01774717  0.01387981  0.02234491  0.04634331  0.02025447
   0.19986618]]