--- Original Data ---
Label: [0]
Features:
[[-0.24425802 -0.23967041 -0.41602424 -0.43983355 -0.44216263 -0.4493648
   0.0590292   0.26761192 -0.2295271  -1.7373213   1.7138525   0.6097451
  -0.17908928 -0.16415764 -0.17770906 -0.20462213 -0.85410964 -0.31996343
  -0.23091501]]

--- Reconstructed Data ---
Predicted Label: 3
Features:
[[ 0.15396069 -0.49386564 -1.1006205  -0.06314828  0.18220316 -0.40334
  -0.1659414   0.40636888  1.0783757  -0.41729832 -0.86336464 -0.8643247
  -0.48290777  0.35291165  0.13698821 -1.21034    -0.6316614  -0.4675672
  -0.5592072 ]]