--- Original Data ---
Label: [3]
Features:
[[-0.3535535  -0.23967041 -0.4872397  -0.47601834 -0.46983427 -0.47049806
   0.17510654  0.27044457 -0.2443266  -1.827219   -0.2495991  -0.09046999
  -0.17908928 -0.16415764 -0.17770906 -0.04077263 -0.06014007 -0.42835143
   0.01641672]]

--- Reconstructed Data ---
Predicted Label: 3
Features:
[[ 0.09827986  0.17054984 -0.35031593 -0.0680671   0.04565748 -0.40475515
  -0.41632473  0.19149303 -0.22058676 -0.7120328  -0.0557936  -0.3379965
   0.05932842  0.44278964 -0.2585239  -0.14197795  0.05937612  0.05790486
  -0.20754719]]