--- Original Data ---
Label: [3]
Features:
[[-0.3535535  -0.23967041 -0.391811   -0.4162586  -0.41887796 -0.4270079
   0.16320117  0.26433423 -0.21237116 -0.49935415 -0.97433835 -0.37548214
  -0.17726932 -0.16620833 -0.17518114 -0.10886121  0.02892574 -0.5191211
  -0.39855096]]

--- Reconstructed Data ---
Predicted Label: 3
Features:
[[-0.38924897 -0.00782064  0.78022885  0.26263034  0.04917566 -0.42822483
   0.25268865  0.3125752  -0.0102001  -0.17559174  0.04356436  0.19741362
   0.23158666 -0.09404652 -0.14192894 -0.04202591  0.13111283 -0.06971268
   0.02466702]]