--- Original Data ---
Label: [0]
Features:
[[-0.3535535  -0.23967041  0.33743507  0.05715914 -0.0088654  -0.07141347
   0.08581628  0.26434392 -0.21242863 -0.5199557  -1.0057683  -0.32270214
  -0.17544937 -0.16210698 -0.17349586 -0.12124094  0.17937474 -0.7646503
  -0.47687268]]

--- Reconstructed Data ---
Predicted Label: 1
Features:
[[-1.1568692   1.0915542  -0.6288917   0.03021246  2.6654372   1.1447201
   0.44151783  2.0740428   2.1402462   0.26985213  1.0203848   0.7646274
   0.6661263  -0.25590727  0.18655306  0.10429303 -0.8217148  -0.5108784
   0.25219303]]