--- Original Data ---
Label: [2]
Features:
[[-0.3535535  -0.23967041  3.646104    3.84176     3.8661752   3.8892748
   0.8120437   0.2776525  -0.2820007  -1.7972531   0.4954772  -0.5461376
  -0.17999926 -0.16415764 -0.17939433  1.9061236   2.4613853  -0.4459698
   0.18130454]]

--- Reconstructed Data ---
Predicted Label: 3
Features:
[[-0.19430912  0.07822866  0.30857742  0.42764297 -0.69859457 -1.3293772
  -0.03310214 -0.9559584   1.1664901   0.705312   -0.17942208  0.8530644
   0.39491135 -0.31451258  0.02152037 -0.8254852   0.2661626  -1.0380653
   0.8268359 ]]