--- Original Data ---
Label: [2]
Features:
[[-0.3535535  -0.23967041 -0.33341435 -0.28577405 -0.27208334 -0.26587
   0.80460286  0.27733797 -0.2803627  -1.3046882  -0.15530905 -0.63234496
  -0.17453939 -0.15390427 -0.18445018  2.6179588   3.8731987  -0.68882096
   0.14283071]]

--- Reconstructed Data ---
Predicted Label: 0
Features:
[[ 0.00251713  0.04398325 -0.28971896  0.54298127  0.5388678  -1.2131499
  -0.48842397  0.19055054  0.13187236  0.02254326 -0.6105005  -0.19492967
  -1.4645194  -0.09967106  0.04915591 -0.66428417  0.9165605  -0.30739713
   0.24596103]]