--- Original Data ---
Label: [0]
Features:
[[-0.3535535  -0.23967041  3.9993327   4.0067844   3.9856358   3.9634833
   0.40130854  0.27428904 -0.2644137  -1.7860159   0.50102365 -0.5461376
  -0.17908928 -0.16415764 -0.17770906 -0.23812026 -0.22944535 -0.33391714
  -0.17732647]]

--- Reconstructed Data ---
Predicted Label: 3
Features:
[[-0.04981424 -1.1781036   1.030976    1.194323    2.0324962   0.22069801
  -0.22831576 -0.5119373  -0.46188787 -1.1083505   1.5552648  -1.5820729
   0.95713526 -1.2486143  -3.6392152   2.1439595   0.97390515  1.6648831
  -1.110454  ]]