--- Original Data ---
Label: [0]
Features:
[[ 4.5647426   3.6940126  -0.53281754 -0.49602965 -0.49784335 -0.43623617
  -4.7537155  -4.355506   -0.49749884 -0.34577882  0.5435466  -2.1189826
   2.8238444   2.2966518   5.9735594  -0.11068176  3.2774205   0.21478836
  -1.1006982 ]]

--- Reconstructed Data ---
Predicted Label: 3
Features:
[[-1.294825   -1.3915153  -1.043569    0.74884135 -0.05079151  0.37810296
  -0.4296302  -0.08729487 -1.3826157   0.52338415 -0.29954687 -0.2728617
  -0.7805708  -0.70848626  0.07983876 -0.13848567 -0.33304086  0.70282644
   0.18933573]]