--- Original Data ---
Label: [0]
Features:
[[ 4.5100946e+00  1.1673245e-03 -5.3281754e-01 -4.9712616e-01
  -4.9784335e-01 -4.3368694e-01 -4.7537155e+00 -4.3572125e+00
  -4.9749884e-01 -3.4577882e-01  5.4354662e-01 -2.1189826e+00
   9.3904682e-02  2.2966518e+00  1.7603618e+00 -3.2914776e-01
   9.1035628e-01  2.1478836e-01  6.8558645e-01]]

--- Reconstructed Data ---
Predicted Label: 2
Features:
[[-0.5440834  -1.2025748   0.02278877  0.9421886  -0.17510143  0.7029551
   0.3617166   0.24703127 -0.4985189  -1.0555924  -0.22947581 -1.2368249
   0.2842864  -0.8396697   0.04173557  0.5888861  -0.46950564  0.7289825
   3.032492  ]]