--- Original Data ---
Label: [3]
Features:
[[ 0.02898065 -0.07911193 -0.41175133 -0.42201528 -0.42124018 -0.42680398
   0.03521847  0.2727505  -0.2563961   0.45206383  0.09982874 -1.0158799
  -0.17908928 -0.16415764 -0.17770906 -0.8090448  -0.39313388  0.00167695
  -0.12236387]]

--- Reconstructed Data ---
Predicted Label: 0
Features:
[[ 0.01313701  0.18327534 -0.1374863  -1.3296772  -1.0300195  -1.1364731
   0.33024913 -0.30209288 -0.852252    0.7843001  -0.6611542   0.5790261
   2.0143661   0.7678933   0.78089786  0.23722564  1.638533   -0.46934244
   1.7711706 ]]