--- Original Data ---
Label: [2]
Features:
[[-0.24425802 -0.07911193 -0.22231826 -0.14405026 -0.12393889 -0.1109013
   0.28523117  0.27279618 -0.256626    0.8865697  -0.44742334 -0.36844483
  -0.17908928 -0.16415764 -0.17770906 -1.0522703  -0.19614597  0.4638412
  -0.24190754]]

--- Reconstructed Data ---
Predicted Label: 3
Features:
[[ 1.6025525  -1.358135   -2.3736312   1.6501203   1.4237955  -0.9476717
  -1.0988896   0.07076956 -0.19667198 -1.1615402  -0.50226086  0.44247288
  -0.9849584   0.08929164 -1.1658515  -0.8051341   1.4266199  -0.31335652
  -0.7560174 ]]