--- Original Data ---
Label: [1]
Features:
[[-0.18961029  6.8249035  -0.5100286  -0.5067206  -0.4958186  -0.4974181
   1.4966023  -4.357766   -0.4745093  -0.34577882  0.5435466   0.520019
  -0.7250772  19.522318    0.32787463 -0.5476138   1.1911944   0.24297771
   0.822993  ]]

--- Reconstructed Data ---
Predicted Label: 2
Features:
[[-0.84900653 -0.0730461  -1.7027704   0.11646897 -0.6679767   0.5032296
   0.46379825  0.12010276 -0.48414576  0.19768833  0.10006459  0.08720373
   0.15979825  0.22629037  1.1393435  -1.0275311  -0.11836244  0.14047268
  -0.1491513 ]]