--- Original Data ---
Label: [0]
Features:
[[-0.3535535  -0.23967041  0.00984405 -0.23368986 -0.28929374 -0.3359743
   0.08135176  0.26390627 -0.21012968 -0.51620996 -0.98358244 -0.28399676
  -0.16725954 -0.15595496 -0.16759738 -0.09138393 -0.39353508  0.5155686
  -0.48236895]]

--- Reconstructed Data ---
Predicted Label: 1
Features:
[[ 1.3159387   0.43302518  0.13730694  0.36157718  0.14627409  0.45169842
   0.8415262  -0.4744469   0.8616749  -0.7964285   0.88560617 -0.10844023
   0.1571403   1.0468862  -0.32620442 -0.22994411  0.84345704  0.6381716
   0.09121705]]