--- Original Data ---
Label: [1]
Features:
[[ 0.02898065 -0.15939116 -0.4573292  -0.40666416 -0.3915438  -0.38397664
   0.06349371  0.26501772 -0.21596327  0.70115554 -0.62121284 -0.3983535
  -0.17908928 -0.16415764 -0.17770906  0.34008646  0.58538646 -0.6101727
  -0.2391594 ]]

--- Reconstructed Data ---
Predicted Label: 1
Features:
[[ 0.10894216 -0.2576273  -0.02808388  0.25908345 -0.32478482 -0.20978302
  -0.31948    -0.45176047  0.03366818 -0.26148534  0.50841177 -0.30156407
  -0.00206017  0.09245893 -0.01131105 -0.06485505  0.24461171 -0.29175255
   0.12972935]]