--- Original Data ---
Label: [0]
Features:
[[-0.29890576 -0.23967041  0.3630726  -0.01630696 -0.10537864 -0.18115854
   0.09028079  0.26799378 -0.23150994  0.27414116 -0.67297995 -0.5813243
  -0.17908928 -0.16415764 -0.17770906 -0.11832806 -0.01681076 -0.36140177
  -0.13060826]]

--- Reconstructed Data ---
Predicted Label: 3
Features:
[[-0.5215739  -0.37074557 -0.41462976 -0.33178863 -0.0081092   0.37708488
  -0.92845774 -0.4976011   0.12321012 -0.67709386  0.3886015   0.03247198
  -0.50844324 -0.19714035  0.02292999  0.2841285  -0.03326335 -0.58464843
   0.63808626]]