--- Original Data ---
Label: [2]
Features:
[[-0.29890576 -0.15939116  0.4143477   0.47191367  0.48348716  0.48868155
  -0.22818778 -0.48084354  3.9701145   1.1768645   1.636202    0.58511436
  -0.17908928 -0.16415764 -0.17770906  2.734474   -1.3720554   3.4599452
   0.5523021 ]]

--- Reconstructed Data ---
Predicted Label: 2
Features:
[[-0.96378595 -0.88914853 -0.5102462   0.03883823 -0.26092765  0.5008507
   0.8803174   0.90365684  0.68559194 -0.76699    -0.27687418  0.6034442
  -1.0846392   0.2877001   1.5619031   0.76958025 -0.82744557  0.08826921
   0.24078616]]